Jame;100;100;[5, 10, 5, 5, 5, 5, 5];[[0, 0, 0, 0, 0], [0, 0, 3, 0, 0], [0, 0, 0, 0, 0], [0, 0, 0, 0, 0], [0, 0, 0, 0, 0], [0, 0, 0, 0, 0], [0, 0, 0, 0, 0]];0;0;001.png;['empty', 'empty', 'empty', 'empty', 'empty'];0;0;0;0
Jame;100;100;[5, 10, 5, 5, 5, 5, 5];[[0, 0, 0, 0, 0], [0, 0, 3, 0, 0], [0, 0, 0, 0, 0], [0, 0, 0, 0, 0], [0, 0, 0, 0, 0], [0, 0, 0, 0, 0], [0, 0, 0, 0, 0]];0;0;002.png;['empty', 'empty', 'empty', 'empty', 'empty'];0;0;0;1
Kogu;860;100;[43, 18, 10, 5, 5, 5, 5];[[3, 3, 4, 2, 9], [6, 14, 5, 5, 8], [0, 0, 3, 0, 0], [0, 0, 0, 0, 0], [0, 0, 0, 0, 0], [0, 0, 0, 0, 0], [0, 0, 0, 0, 0]];0;0;011.png;['0003', '0002', '0006', '0005', '0004'];2;250;150;0
Mage;100;100;[5, 5, 5, 5, 10, 5, 5];[[0, 0, 0, 0, 0], [0, 0, 0, 0, 0], [0, 0, 0, 0, 0], [0, 0, 0, 0, 0], [1, 1, 1, 0, 0], [0, 0, 0, 0, 0], [0, 0, 0, 0, 0]];0;0;000.png;['empty', 'empty', 'empty', 'empty', 'empty'];3;0;0;0
Gondo;100;100;[5, 10, 5, 5, 5, 5, 5];[[0, 0, 0, 0, 0], [0, 0, 3, 0, 0], [0, 0, 0, 0, 0], [0, 0, 0, 0, 0], [0, 0, 0, 0, 0], [0, 0, 0, 0, 0], [0, 0, 0, 0, 0]];0;0;000.png;['empty', 'empty', 'empty', 'empty', 'empty'];4;0;0;0
Manen;100;100;[5, 5, 5, 5, 5, 5, 10];[[0, 0, 0, 0, 0], [0, 0, 0, 0, 0], [0, 0, 0, 0, 0], [0, 0, 0, 0, 0], [0, 0, 0, 0, 0], [0, 0, 0, 0, 0], [0, 0, 3, 0, 0]];0;0;003.png;['empty', 'empty', 'empty', 'empty', 'empty'];5;0;0;0
Xcvbn;200;100;[10, 5, 5, 5, 5, 5, 5];[[1, 1, 1, 0, 0], [0, 0, 0, 0, 0], [0, 0, 0, 0, 0], [0, 0, 0, 0, 0], [0, 0, 0, 0, 0], [0, 0, 0, 0, 0], [0, 0, 0, 0, 0]];0;0;000.png;['empty', 'empty', 'empty', 'empty', 'empty'];6;0;0;0
Vitor;100;200;[5, 5, 5, 10, 5, 5, 5];[[0, 0, 0, 0, 0], [0, 0, 0, 0, 0], [0, 0, 0, 0, 0], [1, 1, 1, 0, 0], [0, 0, 0, 0, 0], [0, 0, 0, 0, 0], [0, 0, 0, 0, 0]];0;0;007.png;['empty', 'empty', 'empty', 'empty', 'empty'];7;0;0;0
Panda;200;100;[10, 5, 5, 5, 5, 5, 5];[[1, 2, 0, 0, 0], [0, 0, 0, 0, 0], [0, 0, 0, 0, 0], [0, 0, 0, 0, 0], [0, 0, 0, 0, 0], [0, 0, 0, 0, 0], [0, 0, 0, 0, 0]];0;0;009.png;['empty', 'empty', 'empty', 'empty', 'empty'];8;0;0;0
Felipeina;100;100;[5, 10, 5, 5, 5, 5, 5];[[0, 0, 0, 0, 0], [2, 1, 0, 0, 0], [0, 0, 0, 0, 0], [0, 0, 0, 0, 0], [0, 0, 0, 0, 0], [0, 0, 0, 0, 0], [0, 0, 0, 0, 0]];0;0;006.png;['empty', 'empty', 'empty', 'empty', 'empty'];9;0;0;0
